18994
18995
19001
19017
19019
19022
19026
19031
19045
19047
19055
19057
19059
19065
21934
21935
21943
21946
21955
21957
21959
21963
21966
21969
21973
21975
21976
21981
21982
21984
21986
21989
21994
21996
21998
21999
22000
22001
22003
22004
24893
24921
24942
14092
14093
14096
14120
14121
14519
14520
14547
14548
14549
14576
17032
17033
17035
17036
17060
17061
17063
17064
17076
17089
17445
17446
17448
17450
17459
17462
17467
17473
17474
17476
17477
17486
17489
17493
17494
17498
17503
17505
17515
20385
20387
20406
20412
20413
20415
20434
20443
23806
23807
23808
23813
23834
23835
23841
23842
23846
23863
23870
26744
26745
26747
26751
26752
26754
26755
26756
26759
26761
26762
26767
26772
26775
26777
26779
26780
26782
26784
26786
26787
26789
26807
26813
26816
26817
27157
27184
27185
29698
29700
29725
29726
29728
29756
30097
30125
25121
25122
25150
25507
25520
25523
25525
25528
25534
25535
25543
25548
25549
25551
25554
25555
25558
25561
25562
25563
25573
25576
25578
25580
25582
28060
28088
28461
28466
28472
28475
28486
28487
28489
28490
28493
28494
28496
28497
28500
28501
28503
28515
28517
28521
28522
28524
28525
